0.888181 0.684158
0.389394 0.733662
0.730790 0.673245
0.813126 0.805672
0.789109 0.559043
0.520975 0.145284
0.518963 0.874521
0.532676 0.562495
0.454119 0.022866
0.470210 0.373551
0.998048 0.770944
0.955081 0.829829
0.929425 0.615189
0.967283 0.845178
0.652997 0.292579
0.122992 0.482591
0.905138 0.437097
0.925655 0.652842
0.306911 0.824218
0.112835 0.053724
0.081912 0.558961
0.367479 0.702382
0.852256 0.202518
0.580425 0.546179
0.047825 0.939812
0.866260 0.874545
0.199366 0.660748
0.763184 0.667476
0.900260 0.952080
0.268562 0.176990
0.393694 0.494793
0.420506 0.910989
0.829986 0.249901
0.859499 0.451406
0.904751 0.990608
0.458983 0.602727
0.646733 0.031546
0.124558 0.382211
0.277121 0.361182
0.749346 0.239066
0.375321 0.940343
0.778986 0.799590
0.177788 0.651280
0.687442 0.550247
0.423062 0.495619
0.639316 0.106638
0.132380 0.884695
0.415543 0.547420
0.496951 0.205823
0.018011 0.191474
0.275614 0.110527
0.821519 0.510624
0.030985 0.649123
0.558815 0.038595
0.372410 0.740465
0.121809 0.639995
0.907196 0.007149
0.884843 0.809900
0.059284 0.084898
0.201606 0.956108
0.255240 0.644633
0.953241 0.997160
0.452151 0.465032
0.974868 0.095067
0.367134 0.815601
0.713026 0.128147
0.006796 0.658453
0.658917 0.271051
0.127310 0.246227
0.438730 0.279233
0.371403 0.251259
0.802331 0.884681
0.243987 0.386401
0.035145 0.989948
0.011180 0.269929
0.727608 0.262803
0.848812 0.751910
0.310570 0.925867
0.267982 0.854317
0.936499 0.938753
0.826144 0.221697
0.461352 0.752289
0.909656 0.365899
0.805676 0.011845
0.049270 0.766034
0.708642 0.406715
0.007830 0.750620
0.844060 0.384394
0.723067 0.747800
0.399533 0.188124
0.535215 0.941876
0.117463 0.588800
0.857445 0.920972
0.626946 0.638605
0.374322 0.227401
0.817331 0.696597
0.153193 0.065472
0.756032 0.772907
0.349126 0.046737
0.812483 0.570141
0.308090 0.148017
0.597371 0.831804
0.160756 0.412915
0.413567 0.775467
0.202691 0.449571
0.362154 0.402830
0.225222 0.840549
0.214636 0.624256
0.482475 0.710150
0.205119 0.648223
0.293835 0.885689
0.445695 0.656587
0.762810 0.949185
0.281445 0.780741
0.847699 0.317710
0.276226 0.446180
0.576759 0.102382
0.652849 0.370400
0.559272 0.403208
0.823679 0.639583
0.918609 0.335436
0.168496 0.086771
0.151876 0.755245
0.586904 0.658202
0.284061 0.337778
0.224270 0.979203
0.550979 0.180543
0.616923 0.642126
0.398926 0.748310
0.995632 0.635547
0.493600 0.303042
0.995912 0.875655
0.397439 0.895447
0.223887 0.179236
0.423028 0.059910
0.698759 0.206733
0.539739 0.418224
0.312113 0.068284
0.775061 0.652887
0.303684 0.623579
0.664887 0.973983
0.061508 0.024616
0.830219 0.901360
0.422440 0.867638
0.779246 0.217869
0.992767 0.405973
0.567578 0.582941
0.690670 0.089657
0.113561 0.436490
0.789537 0.745654
0.497661 0.250968
0.374773 0.759599
0.299545 0.881329
0.318070 0.329167
0.663836 0.894795
0.379605 0.214657
0.294422 0.493366
0.424926 0.516900
0.734548 0.547500
0.606154 0.495395
0.794639 0.635478
0.326161 0.014821
0.035981 0.219858
0.930797 0.073240
0.361664 0.467672
0.206295 0.917708
0.565369 0.875988
0.475541 0.082331
0.209632 0.469640
0.959212 0.704096
0.336874 0.409544
0.081828 0.272096
0.918533 0.032874
0.747825 0.038366
0.189567 0.864262
0.163491 0.900549
0.608476 0.176291
0.287465 0.327728
0.036520 0.246894
0.374782 0.040878
0.377023 0.416342
0.286273 0.077869
0.304876 0.086111
0.663154 0.230180
0.091642 0.636292
0.285215 0.268531
0.949616 0.932375
0.376998 0.360650
0.310719 0.006430
0.270707 0.024830
0.253503 0.581661
0.480377 0.567045
0.010447 0.046011
0.780000 0.104436
0.180358 0.017230
0.038663 0.564780
0.281778 0.773587
0.848368 0.212338
0.638367 0.983508
0.507699 0.819501
0.383576 0.617598
0.732062 0.884242
0.199615 0.417340
0.329652 0.114102
0.710433 0.131317
0.900152 0.158586
0.316673 0.807113
0.748911 0.402328
0.037313 0.431237
0.618164 0.518700
0.946177 0.057556
0.561730 0.873778
0.991069 0.421325
0.954896 0.139403
0.255438 0.466580
0.239554 0.743742
0.748202 0.148627
0.898502 0.326522
0.500315 0.838166
0.788432 0.663078
0.901184 0.909908
0.347759 0.868466
0.288121 0.838213
0.709302 0.462397
0.240138 0.316743
0.389108 0.561416
0.105711 0.147171
0.930073 0.819513
0.732831 0.523542
0.435845 0.698604
0.225359 0.358864
0.548424 0.219584
0.255407 0.276450
0.695945 0.668375
0.641407 0.149772
0.717670 0.283552
0.963375 0.198486
0.831941 0.344091
0.635089 0.808216
0.111735 0.403357
0.794671 0.262361
0.863789 0.553085
0.192535 0.859613
0.317813 0.457395
0.344146 0.824570
0.105665 0.001519
0.890104 0.771067
0.701883 0.067535
0.979109 0.644840
0.686307 0.826934
0.004518 0.357302
0.816598 0.065619
0.540366 0.442595
0.782561 0.031858
0.324524 0.837936
0.762788 0.343591
0.597444 0.765253
0.418418 0.324948
0.536108 0.612240
0.179697 0.281629
0.547616 0.675000
0.349395 0.222745
0.971203 0.632801
0.193632 0.294958
0.472356 0.875960
0.821181 0.718579
0.369977 0.837292
0.091939 0.602189
0.360760 0.511868
0.394841 0.403077
0.614793 0.997892
0.783257 0.131441
0.387151 0.742477
0.499682 0.998070
0.711290 0.564038
0.196486 0.623518
0.378355 0.275306
0.931546 0.209719
0.157699 0.918505
0.486395 0.457753
0.936611 0.336849
0.480664 0.019530
0.417802 0.475277
0.882091 0.505233
0.471569 0.689411
0.633708 0.479184
0.279215 0.810231
0.326581 0.575524
0.999194 0.570347
0.008029 0.208270
0.054148 0.873738
0.109855 0.696827
0.576222 0.999681
0.153140 0.435185
0.073112 0.963161
0.601549 0.550480
0.209010 0.577504
0.583561 0.731017
0.961285 0.148202
0.934111 0.801425
0.519247 0.166362
0.240485 0.025397
0.984038 0.319707
0.998515 0.148639
0.800339 0.660974
0.645800 0.546198
0.837049 0.126358
0.826157 0.319077
0.565154 0.442898
0.603089 0.141617
0.373891 0.124450
0.150367 0.161234
0.411496 0.328792
0.590211 0.432019
0.579541 0.736438
0.325088 0.590124
0.252079 0.499450
0.511999 0.322731
0.157412 0.914794
0.242927 0.226436
0.322977 0.050800
0.188773 0.211468
0.109600 0.227242
0.236760 0.180660
0.164930 0.069448
0.419024 0.446539
0.047657 0.457969
0.127780 0.888044
0.397200 0.137181
0.411030 0.162685
0.250985 0.050182
0.774215 0.558137
0.129336 0.344213
0.767377 0.200985
0.606879 0.093050
0.893624 0.864948
0.332582 0.256300
0.693179 0.830412
0.784062 0.507114
0.184290 0.313980
0.000797 0.668266
0.180838 0.114471
0.109616 0.182247
0.749020 0.590049
0.934757 0.998622
0.446552 0.231487
0.715306 0.495630
0.177510 0.780489
0.758065 0.540171
0.417110 0.322654
0.517666 0.012733
0.498186 0.660999
0.649022 0.117062
0.986171 0.703689
0.917483 0.281565
0.286098 0.671065
0.962528 0.235237
0.649880 0.750891
0.504485 0.331088
0.857870 0.720101
0.358607 0.598082
0.447087 0.400307
0.474311 0.486294
0.177820 0.589077
0.510132 0.503590
0.771539 0.688572
0.852273 0.825719
0.516216 0.440017
0.237154 0.665222
0.293074 0.944009
0.041872 0.909397
0.489451 0.749486
0.988486 0.958631
0.559282 0.212375
0.876683 0.131829
0.899868 0.974629
0.999658 0.101948
0.871890 0.128298
0.535416 0.336600
0.487908 0.530695
0.576362 0.869790
0.809692 0.872523
0.160641 0.400738
0.407545 0.611289
0.998047 0.664185
0.973810 0.259234
0.861580 0.572001
0.571664 0.367421
0.324439 0.023058
0.879323 0.021785
0.194588 0.075163
0.444511 0.559442
0.251972 0.904405
0.292740 0.960105
0.867720 0.087275
0.862538 0.430912
0.054214 0.171233
0.779997 0.002562
0.837765 0.842616
0.976342 0.854385
0.985113 0.912893
0.861270 0.619808
0.155111 0.910622
0.251932 0.183973
0.092985 0.166107
0.837742 0.983771
0.650404 0.170579
0.294735 0.852920
0.702974 0.416896
0.086884 0.780393
0.171976 0.420893
0.562074 0.478559
0.697348 0.144412
0.917159 0.694678
0.536140 0.021242
0.238690 0.032080
0.479791 0.466850
0.947229 0.924569
0.494887 0.568545
0.047147 0.407234
0.282646 0.261357
0.593647 0.287467
0.379374 0.412024
0.408760 0.039916
0.927802 0.620234
0.153736 0.225997
0.162056 0.662143
0.022369 0.524762
0.167208 0.244091
0.268383 0.380532
0.567648 0.109961
0.721496 0.838060
0.657316 0.926436
0.147527 0.242369
0.450608 0.174472
0.470909 0.012119
0.982533 0.300349
0.250899 0.123931
0.003877 0.712665
0.142333 0.202608
0.129622 0.691122
0.924076 0.207791
0.696075 0.474704
0.948288 0.968098
0.656449 0.049281
0.138762 0.926723
0.141293 0.347977
0.991676 0.030495
0.995011 0.563117
0.985861 0.472024
0.314577 0.675400
0.458346 0.512082
0.867017 0.045570
0.997477 0.301819
0.809575 0.725564
0.893856 0.614381
0.238611 0.656093
0.288131 0.282371
0.952501 0.413465
0.443833 0.940267
0.265230 0.850352
0.035182 0.239510
0.110865 0.234516
0.712315 0.357300
0.260110 0.098298
0.128584 0.201930
0.902766 0.921537
0.276766 0.840644
0.063883 0.869822
0.699640 0.130698
0.975413 0.477780
0.213051 0.241144
0.256615 0.865098
0.805562 0.964757
0.544485 0.859768
0.059670 0.671029
0.707352 0.510816
0.167977 0.813938
0.768537 0.809229
0.753586 0.823331
0.920498 0.154629
0.723380 0.039919
0.551257 0.905651
0.626974 0.040720
0.923520 0.918858
0.203719 0.240137
0.794210 0.972148
0.244430 0.609826
0.845568 0.216298
0.863830 0.668573
0.289642 0.471655
0.686765 0.743692
0.641095 0.291130
0.242214 0.478287
0.157775 0.638694
0.867705 0.565000
0.516237 0.515172
0.645053 0.357719
0.532117 0.791405
0.300316 0.636466
0.732398 0.002203
0.274224 0.507072
0.613222 0.971030
0.924533 0.948719
0.419665 0.568989
0.273558 0.625438
0.311778 0.833518
0.637359 0.436701
0.837386 0.971732
0.576575 0.396571
0.020381 0.633035
0.471548 0.331737
0.872697 0.486884
0.514982 0.576115
0.109498 0.063011
0.267369 0.172342
0.632205 0.799128
0.299924 0.287870
0.076479 0.667478
0.580868 0.162587
0.173324 0.418796
0.189106 0.815540
0.810456 0.713811
0.021569 0.901597
0.619818 0.314032
0.101534 0.780784
0.817554 0.678702
0.581110 0.171365
0.785460 0.349633
0.337147 0.737110
0.699313 0.532239
0.996241 0.122139
0.347312 0.921842
0.465688 0.492072
0.493047 0.418420
0.761657 0.541504
0.494525 0.210471
0.439527 0.967251
0.320385 0.501091
0.993140 0.779693
0.595453 0.511867
0.110246 0.629571
0.265280 0.359425
0.298956 0.271744
0.178874 0.835913
0.578433 0.247507
0.844532 0.076649
0.977107 0.593407
0.540469 0.777340
0.108947 0.604908
0.220729 0.815425
0.368770 0.827122
0.317272 0.872838
0.346743 0.401754
0.842415 0.744490
0.084091 0.334308
0.420652 0.936514
0.661831 0.480230
0.245565 0.274370
0.687445 0.483447
0.139478 0.377749
0.379932 0.748392
0.700922 0.018859
0.315515 0.993625
0.940088 0.669525
0.952423 0.780400
0.209818 0.891768
0.515110 0.789654
0.236169 0.866658
0.977725 0.222084
0.832360 0.297162
0.666126 0.404282
0.570297 0.662686
0.003518 0.414202
0.667007 0.303601
0.302132 0.595004
0.203764 0.854210
0.721718 0.593236
0.562799 0.223882
0.060222 0.507183
0.143811 0.540021
0.613703 0.899381
0.084713 0.630648
0.820004 0.330849
0.649080 0.070626
0.940888 0.759852
0.609798 0.413270
0.866427 0.871523
0.055614 0.750116
0.597959 0.794333
0.109096 0.486813
0.373497 0.017678
0.100262 0.686675
0.307907 0.372806
0.408679 0.262355
0.368604 0.113833
0.508513 0.206468
0.181534 0.974841
0.418280 0.850539
0.029966 0.045421
0.587935 0.400558
0.116294 0.708051
0.489865 0.133657
0.673795 0.743356
0.627381 0.026941
0.401484 0.707981
0.185527 0.689834
0.718001 0.043427
0.291967 0.241857
0.612902 0.670925
0.633555 0.460429
0.236178 0.354870
0.344948 0.760817
0.353352 0.468939
0.778191 0.827665
0.706911 0.381508
0.933194 0.189111
0.820712 0.329045
0.009075 0.178626
0.747730 0.148076
0.233512 0.946425
0.473571 0.304314
0.723645 0.425576
0.910732 0.249410
0.179483 0.652092
0.013615 0.811583
0.754635 0.297375
0.716191 0.848213
0.486019 0.953044
0.302056 0.252518
0.336833 0.988219
0.030647 0.502243
0.454807 0.692956
0.192871 0.811454
0.303364 0.517477
0.213718 0.789729
0.570122 0.207772
0.565694 0.528762
0.064276 0.467559
0.728525 0.826040
0.992843 0.455840
0.138457 0.918905
0.153762 0.660096
0.484283 0.481531
0.583263 0.473185
0.041751 0.978256
0.806931 0.481220
0.298667 0.876158
0.392284 0.162973
0.304649 0.517664
0.109278 0.215217
0.640401 0.792921
0.053931 0.901801
0.804364 0.531963
0.763592 0.797402
0.398466 0.170994
0.688035 0.072864
0.150893 0.064162
0.160014 0.953337
0.028824 0.909490
0.486915 0.498462
0.755441 0.602395
0.544145 0.960484
0.188460 0.599411
0.977079 0.533991
0.496842 0.277012
0.470131 0.834447
0.481833 0.475631
0.944248 0.067297
0.409384 0.710694
0.263285 0.308716
0.024829 0.001079
0.137205 0.603195
0.115672 0.886734
0.400121 0.676357
0.021700 0.021538
0.249610 0.821897
0.673579 0.662048
0.484044 0.349837
0.507090 0.720023
0.336263 0.829521
0.292889 0.967390
0.998100 0.366470
0.972293 0.970200
0.793602 0.008688
0.211046 0.024623
0.497847 0.349833
0.347094 0.422648
0.651926 0.119493
0.514942 0.402843
0.431333 0.262812
0.374589 0.206358
0.992075 0.270922
0.430840 0.444056
0.414277 0.022365
0.611440 0.394848
0.383988 0.231015
0.568279 0.736287
0.190811 0.223211
0.183056 0.834632
0.379228 0.215364
0.852856 0.171010
0.915954 0.709856
0.000041 0.953942
0.522750 0.205188
0.234517 0.485595
0.838220 0.310464
0.541531 0.312608
0.582790 0.179606
0.691794 0.081734
0.099791 0.525715
0.465327 0.587854
0.588272 0.424643
0.622695 0.654781
0.716122 0.012460
0.485918 0.896368
0.708233 0.534627
0.730843 0.832081
0.835358 0.594715
0.114361 0.908886
0.713583 0.868975
0.192099 0.542482
0.378447 0.945183
0.928029 0.634481
0.930624 0.447159
0.280138 0.225594
0.586566 0.610554
0.832372 0.835048
0.369199 0.547608
0.073038 0.091954
0.217348 0.762146
0.278848 0.679419
0.314610 0.305878
0.223099 0.538997
0.589164 0.045933
0.710706 0.185446
0.148059 0.002976
0.138545 0.415631
0.337667 0.434746
0.198146 0.051878
0.562345 0.889999
0.926039 0.904099
0.021435 0.519296
0.318424 0.871921
0.168116 0.893636
0.446785 0.579068
0.686687 0.711492
0.504074 0.733752
0.108918 0.998729
0.724773 0.115855
0.239651 0.708240
0.473446 0.945965
0.412921 0.788954
0.113168 0.501055
0.971474 0.563059
0.811237 0.038542
0.513893 0.150334
0.678652 0.377988
0.841691 0.753701
0.260167 0.799371
0.245983 0.763612
0.607122 0.276026
0.390873 0.884610
0.652484 0.749392
0.047573 0.123297
0.713925 0.425919
0.836427 0.288931
0.832004 0.144056
0.906001 0.929946
0.884150 0.552801
0.167577 0.584870
0.193275 0.892601
0.730905 0.217841
0.672958 0.385241
0.089221 0.020846
0.755513 0.480547
0.165923 0.012425
0.761610 0.946433
0.970399 0.877037
0.447461 0.197466
0.939864 0.052739
0.796682 0.316542
0.663472 0.276879
0.976456 0.519622
0.279161 0.082282
0.874565 0.079402
0.395877 0.472599
0.141405 0.981620
0.373160 0.576471
0.625623 0.375925
0.482415 0.969286
0.505533 0.175074
0.522680 0.716976
0.255377 0.047017
0.399106 0.165616
0.703180 0.672221
0.090793 0.189544
0.063370 0.609494
0.235136 0.690782
0.297692 0.272183
0.685929 0.177125
0.371094 0.937383
0.789130 0.250689
0.186623 0.308970
0.107832 0.369494
0.722088 0.852611
0.379953 0.459902
0.773165 0.365853
0.213237 0.651880
0.806295 0.665929
0.289286 0.887544
0.223276 0.840955
0.497632 0.470668
0.826820 0.532898
0.600325 0.363335
0.665522 0.445252
0.867341 0.409082
0.722950 0.716089
0.459983 0.010353
0.698372 0.272909
0.765917 0.730482
0.989827 0.447635
0.289620 0.771036
0.045259 0.280730
0.807923 0.373208
0.691315 0.219387
0.051091 0.827898
0.571351 0.475034
0.587285 0.704076
0.535346 0.024092
0.386685 0.450344
0.814849 0.814155
0.110859 0.307458
0.917139 0.865015
0.556704 0.311944
0.873819 0.364601
0.280167 0.536423
0.347551 0.008053
0.569510 0.928385
0.373340 0.662573
0.099695 0.821267
0.271386 0.850971
0.036054 0.534166
0.063697 0.525985
0.481362 0.364794
0.741020 0.502428
0.385757 0.598137
0.833520 0.459214
0.991207 0.456216
0.561091 0.407087
0.783097 0.729325
0.769414 0.674054
0.273835 0.194611
0.245980 0.298624
0.740268 0.763715
0.686738 0.455783
0.642022 0.185312
0.280212 0.468070
0.698819 0.895907
0.350793 0.345370
0.854755 0.920750
0.027494 0.078306
0.511639 0.290044
0.017490 0.011805
0.612082 0.474485
0.103052 0.922636
0.691280 0.320545
0.083565 0.759242
0.075177 0.082577
0.470440 0.469403
0.488321 0.118865
0.964266 0.398674
0.209044 0.286015
0.220624 0.834765
0.534263 0.116723
0.738407 0.847422
0.877177 0.065860
0.448404 0.264207
0.157336 0.113601
0.516395 0.769507
0.320966 0.753506
0.325178 0.363677
0.697976 0.277840
0.166331 0.863380
0.358197 0.107155
0.165564 0.191846
0.956152 0.429218
0.028725 0.605427
0.937048 0.846740
0.539218 0.901603
0.058320 0.481506
0.315552 0.562537
0.708703 0.557103
0.507777 0.766099
0.391144 0.176233
0.944457 0.612813
0.323951 0.442690
0.082088 0.107940
0.076365 0.362429
0.253241 0.608080
0.560856 0.286333
0.248555 0.803836
0.252553 0.013822
0.676373 0.265711
0.712540 0.092512
0.381420 0.632265
0.306560 0.802521
0.830465 0.428657
0.039411 0.874570
0.146801 0.100870
0.988712 0.201923
0.477285 0.699892
0.683512 0.920368
0.547093 0.096727
0.488499 0.891786
0.691195 0.794284
0.624458 0.935055
0.991326 0.276203
0.397855 0.621661
0.088830 0.341946
0.537969 0.187002
0.923207 0.654409
0.592703 0.046831
0.569395 0.110551
0.621264 0.293568
0.053396 0.586339
0.102917 0.146341
0.529487 0.034437
0.839042 0.465389
0.912207 0.822257
0.248681 0.757293
0.003139 0.201545
0.943710 0.327969
0.148395 0.696947
0.668834 0.332563
0.882867 0.706762
0.400212 0.720644
0.699603 0.501578
0.541565 0.240192
0.255159 0.046442
0.670377 0.170275
0.057451 0.792048
0.470483 0.160313
0.085960 0.022554
0.692853 0.430468
0.244473 0.877925
0.542246 0.308868
0.869109 0.979718
0.651200 0.341967
0.023117 0.394841
0.465685 0.907300
0.280357 0.644438
0.815972 0.556300
0.851293 0.941011
0.327303 0.883858
0.716291 0.556962
0.333356 0.436495
0.951651 0.006044
0.028352 0.887699
0.352846 0.726260
0.224191 0.811991
0.592434 0.856214
0.535834 0.224557
0.698818 0.235648
0.860017 0.351578
0.881110 0.490371
0.797373 0.964670
0.380722 0.886943
0.144675 0.393598
0.518599 0.158013
0.278732 0.530062
0.422705 0.843175
0.788936 0.901306
0.033719 0.484243
0.933618 0.273196
0.679457 0.918437
0.757652 0.120852
0.516793 0.212268
0.768626 0.838057
0.074112 0.815144
0.103285 0.960717
0.850416 0.463732
0.415952 0.244861
0.725140 0.373481
0.046087 0.948571
0.418494 0.046519
0.719422 0.755008
0.064736 0.779406
0.800985 0.443936
0.086353 0.134732
0.457893 0.339503
0.000744 0.480106
0.447412 0.185572
0.202778 0.847378
0.559358 0.509861
0.710851 0.102333
0.003945 0.604650
0.862531 0.398245
0.401358 0.791547
0.744527 0.427437